8 
7 8 
6 11 12 13 
5 6 10 11 13 14 
11 13 
6 10 11 13 14 
13 
6 13 14 
6 12 
5 6 11 13 
6 12 13 
5 6 11 13 14 
10 
9 10 11 
10 11 
6 9 10 11 
10 11 13 
6 9 10 11 13 14 
6 10 11 12 
5 6 9 10 11 13 
6 10 11 12 
5 6 9 10 13 
6 10 11 12 13 
5 6 9 10 13 14 
6 11 12 
5 6 10 11 13 
11 
6 10 11 
8 11 
6 7 8 10 11 
8 10 
7 8 9 10 11 
8 10 11 
6 7 8 9 10 11 
7 8 9 13 14 
4 6 7 9 10 13 
7 8 9 14 
4 7 9 10 13 14 
8 13 
6 7 8 13 14 
6 7 8 9 10 11 12 13 14 
4 5 6 7 9 
6 7 8 9 10 11 12 13 14 
4 5 6 7 8 9 
6 8 12 
5 6 7 8 11 13 
7 8 9 10 11 13 14 
4 6 7 9 11 13 
24 6 24
