54 11 28
13 
6 13 14 
6 10 11 12 13 
5 6 9 10 11 12 13 14 
10 11 12 13 
6 9 10 11 12 13 14 
11 12 13 
6 10 11 12 13 14 
11 13 
6 10 11 13 14 
11 
6 10 11 
11 12 
6 10 11 12 13 
10 11 12 
6 9 10 11 12 13 
12 
6 12 13 
12 13 
6 12 13 14 
6 10 11 12 13 
5 6 9 10 13 14 
6 10 11 12 13 
5 6 9 10 12 13 14 
6 12 13 
5 6 11 13 14 
6 12 13 
5 6 11 12 13 14 
6 11 12 13 
5 6 10 11 13 14 
6 11 12 13 
5 6 10 11 12 13 14 
10 11 13 
6 9 10 11 13 14 
6 10 11 12 13 
5 6 9 10 11 13 14 
10 
9 10 11 
6 10 11 12 
5 6 9 10 13 
6 10 11 12 
5 6 9 10 12 13 
10 11 
6 9 10 11 
6 10 11 12 
5 6 9 10 11 13 
6 10 11 12 
5 6 9 10 11 12 13 
6 12 
5 6 11 13 
6 12 
5 6 11 12 13 
6 11 12 
5 6 10 11 13 
6 11 12 
5 6 10 11 12 13 