14 20 35 0 13 54 0 2346.8863 True
14 20 35 0 13 54 0 2228.8299 True
14 20 35 0 13 54 0 2221.5992 True
14 20 35 0 13 54 0 2106.3747 True
14 20 35 0 13 54 0 2185.9901 True
14 20 35 0 13 54 0 2056.6772 True
14 20 35 0 13 54 0 2261.5568 True
14 20 35 0 13 54 0 2107.2637 True
14 20 35 0 13 54 0 2329.4781 True
14 20 35 0 13 54 0 2165.0875 True
14 20 35 0 13 54 0 2234.5272 True
14 20 50 0 13 54 0 2986.4272 True
14 20 15 0 13 54 0 310.6325 True
14 20 15 0 13 54 0 250.2396 True
14 20 30 0 13 54 0 2175.4001 True
14 20 30 0 13 54 0 2309.9232 True
57 80 25 0 56 217 0 14847.2216 True
118 186 25 0 117 490 0 75538.0382 True
14 20 25 0 13 54 0 1554.818 True
300 411 25 0 299 1122 0 476223.5808 True
14 20 70 0 13 54 0 4952.0252 True
30 41 50 0 29 112 0 2997.1251 True
300 411 50 0 299 1122 0 1802735.3535 True
300 411 50 0 299 1122 0 1809236.8502 True
30 41 25 0 29 112 0 3912.1338 True
14 20 25 0 13 54 0 838.8884 True
30 41 25 0 29 112 0 3742.5122 True
30 41 25 0 29 112 0 3715.3877 True
118 186 25 0 117 490 0 47531.276 True
5 7 15 0 4 19 0 337.3912 True
30 41 15 0 29 112 0 765.29 True
57 80 15 0 56 217 0 2175.8399 True
300 411 15 0 299 1122 0 1421409.5171 True
14 20 25 0 13 54 0 978.0164 True
14 20 25 0 13 54 0 1266.5271 True
30 41 25 0 29 112 0 4034.0232 True
68 86 25 0 67 240 0 11203.335 True
57 80 25 0 56 217 0 13906.3781 True
