# numOfBuses, numOfLines, Reference Bus
57	80	1


#Lines Info
1.0	1.0	2.0	35.71	1	1	1	1
2.0	2.0	3.0	11.76	1	1	1	1
3.0	3.0	4.0	27.32	1	1	1	1
4.0	4.0	5.0	7.58	1	1	1	1
5.0	4.0	6.0	6.76	1	1	1	1
6.0	6.0	7.0	9.8	1	1	1	1
7.0	6.0	8.0	5.78	1	1	1	1
8.0	8.0	9.0	19.8	1	1	1	1
9.0	9.0	10.0	5.96	1	1	1	1
10.0	9.0	11.0	11.79	1	1	1	1
11.0	9.0	12.0	3.39	1	1	1	1
12.0	9.0	13.0	6.33	1	1	1	1
13.0	13.0	14.0	23.04	1	1	1	1
14.0	13.0	15.0	11.51	1	1	1	1
15.0	1.0	15.0	10.99	1	1	1	1
16.0	1.0	16.0	4.85	1	1	1	1
17.0	1.0	17.0	9.26	1	1	1	1
18.0	3.0	15.0	18.87	1	1	1	1
19.0	4.0	18.0	1.8	1	1	1	1
20.0	4.0	18.0	2.33	1	1	1	1
21.0	5.0	6.0	15.6	1	1	1	1
22.0	7.0	8.0	14.04	1	1	1	1
23.0	10.0	12.0	7.92	1	1	1	1
24.0	11.0	13.0	13.66	1	1	1	1
25.0	12.0	13.0	17.24	1	1	1	1
26.0	12.0	16.0	12.3	1	1	1	1
27.0	12.0	17.0	5.59	1	1	1	1
28.0	14.0	15.0	18.28	1	1	1	1
29.0	18.0	19.0	1.46	1	1	1	1
30.0	19.0	20.0	2.3	1	1	1	1
31.0	21.0	20.0	1.29	1	1	1	1
32.0	21.0	22.0	8.55	1	1	1	1
33.0	22.0	23.0	65.79	1	1	1	1
34.0	23.0	24.0	3.91	1	1	1	1
35.0	24.0	25.0	0.85	1	1	1	1
36.0	24.0	25.0	0.81	1	1	1	1
37.0	24.0	26.0	21.14	1	1	1	1
38.0	26.0	27.0	3.94	1	1	1	1
39.0	27.0	28.0	10.48	1	1	1	1
40.0	28.0	29.0	17.04	1	1	1	1
41.0	7.0	29.0	15.43	1	1	1	1
42.0	25.0	30.0	4.95	1	1	1	1
43.0	30.0	31.0	2.01	1	1	1	1
44.0	31.0	32.0	1.32	1	1	1	1
45.0	32.0	33.0	27.78	1	1	1	1
46.0	34.0	32.0	1.05	1	1	1	1
47.0	34.0	35.0	12.82	1	1	1	1
48.0	35.0	36.0	18.62	1	1	1	1
49.0	36.0	37.0	27.32	1	1	1	1
50.0	37.0	38.0	9.91	1	1	1	1
51.0	37.0	39.0	26.39	1	1	1	1
52.0	36.0	40.0	21.46	1	1	1	1
53.0	22.0	38.0	33.9	1	1	1	1
54.0	11.0	41.0	1.34	1	1	1	1
55.0	41.0	42.0	2.84	1	1	1	1
56.0	41.0	43.0	2.43	1	1	1	1
57.0	38.0	44.0	17.09	1	1	1	1
58.0	15.0	45.0	9.6	1	1	1	1
59.0	14.0	46.0	13.61	1	1	1	1
60.0	46.0	47.0	14.71	1	1	1	1
61.0	47.0	48.0	42.92	1	1	1	1
62.0	48.0	49.0	7.75	1	1	1	1
63.0	49.0	50.0	7.81	1	1	1	1
64.0	50.0	51.0	4.55	1	1	1	1
65.0	10.0	51.0	14.04	1	1	1	1
66.0	13.0	49.0	5.24	1	1	1	1
67.0	29.0	52.0	5.35	1	1	1	1
68.0	52.0	53.0	10.16	1	1	1	1
69.0	53.0	54.0	4.31	1	1	1	1
70.0	54.0	55.0	4.42	1	1	1	1
71.0	11.0	43.0	6.54	1	1	1	1
72.0	44.0	45.0	8.05	1	1	1	1
73.0	40.0	56.0	0.84	1	1	1	1
74.0	56.0	41.0	1.82	1	1	1	1
75.0	56.0	42.0	2.82	1	1	1	1
76.0	39.0	57.0	0.74	1	1	1	1
77.0	57.0	56.0	3.85	1	1	1	1
78.0	38.0	49.0	5.65	1	1	1	1
79.0	38.0	48.0	20.75	1	1	1	1
80.0	9.0	55.0	8.3	1	1	1	1

#Measurements Info
1	1	0	1
2	1	0	1
3	1	0	1
4	1	0	1
5	1	0	1
6	1	0	1
7	1	0	1
8	1	0	1
9	1	0	1
10	1	0	1
11	1	0	1
12	1	0	1
13	1	0	1
14	1	0	1
15	1	0	1
16	1	0	1
17	1	0	1
18	1	0	1
19	1	0	1
20	1	0	1
21	1	0	1
22	1	0	1
23	1	0	1
24	1	0	1
25	1	0	1
26	1	0	1
27	1	0	1
28	1	0	1
29	1	0	1
30	1	0	1
31	1	0	1
32	1	0	1
33	1	0	1
34	1	0	1
35	1	0	1
36	1	0	1
37	1	0	1
38	1	0	1
39	1	0	1
40	1	0	1
41	1	0	1
42	1	0	1
43	1	0	1
44	1	0	1
45	1	0	1
46	1	0	1
47	1	0	1
48	1	0	1
49	1	0	1
50	1	0	1
51	1	0	1
52	1	0	1
53	1	0	1
54	1	0	1
55	1	0	1
56	1	0	1
57	1	0	1
58	1	0	1
59	1	0	1
60	1	0	1
61	1	0	1
62	1	0	1
63	1	0	1
64	1	0	1
65	1	0	1
66	1	0	1
67	1	0	1
68	1	0	1
69	1	0	1
70	1	0	1
71	1	0	1
72	1	0	1
73	1	0	1
74	1	0	1
75	1	0	1
76	1	0	1
77	1	0	1
78	1	0	1
79	1	0	1
80	1	0	1
81	1	0	1
82	1	0	1
83	1	0	1
84	1	0	1
85	1	0	1
86	1	0	1
87	1	0	1
88	1	0	1
89	1	0	1
90	1	0	1
91	1	0	1
92	1	0	1
93	1	0	1
94	1	0	1
95	1	0	1
96	1	0	1
97	1	0	1
98	1	0	1
99	1	0	1
100	1	0	1
101	1	0	1
102	1	0	1
103	1	0	1
104	1	0	1
105	1	0	1
106	1	0	1
107	1	0	1
108	1	0	1
109	1	0	1
110	1	0	1
111	1	0	1
112	1	0	1
113	1	0	1
114	1	0	1
115	1	0	1
116	1	0	1
117	1	0	1
118	1	0	1
119	1	0	1
120	1	0	1
121	1	0	1
122	1	0	1
123	1	0	1
124	1	0	1
125	1	0	1
126	1	0	1
127	1	0	1
128	1	0	1
129	1	0	1
130	1	0	1
131	1	0	1
132	1	0	1
133	1	0	1
134	1	0	1
135	1	0	1
136	1	0	1
137	1	0	1
138	1	0	1
139	1	0	1
140	1	0	1
141	1	0	1
142	1	0	1
143	1	0	1
144	1	0	1
145	1	0	1
146	1	0	1
147	1	0	1
148	1	0	1
149	1	0	1
150	1	0	1
151	1	0	1
152	1	0	1
153	1	0	1
154	1	0	1
155	1	0	1
156	1	0	1
157	1	0	1
158	1	0	1
159	1	0	1
160	1	0	1
161	1	0	1
162	1	0	1
163	1	0	1
164	1	0	1
165	1	0	1
166	1	0	1
167	1	0	1
168	1	0	1
169	1	0	1
170	1	0	1
171	1	0	1
172	1	0	1
173	1	0	1
174	1	0	1
175	1	0	1
176	1	0	1
177	1	0	1
178	1	0	1
179	1	0	1
180	1	0	1
181	1	0	1
182	1	0	1
183	1	0	1
184	1	0	1
185	1	0	1
186	1	0	1
187	1	0	1
188	1	0	1
189	1	0	1
190	1	0	1
191	1	0	1
192	1	0	1
193	1	0	1
194	1	0	1
195	1	0	1
196	1	0	1
197	1	0	1
198	1	0	1
199	1	0	1
200	1	0	1
201	1	0	1
202	1	0	1
203	1	0	1
204	1	0	1
205	1	0	1
206	1	0	1
207	1	0	1
208	1	0	1
209	1	0	1
210	1	0	1
211	1	0	1
212	1	0	1
213	1	0	1
214	1	0	1
215	1	0	1
216	1	0	1
217	1	0	1


#Number of States
0

#Maximum number of states
56
0

#Attacker's Resource Limitation, Measurements, Bus
25	5